abjad.OrderedDict(
    [
        (
            "bol_measure_numbers",
            [
                1,
                27,
                50,
                72,
                95,
                116,
                138,
                160,
                182,
                204,
                226,
                248,
                271,
                292,
                314,
                336,
                358,
                376,
                392,
                420,
                447,
                468,
                490,
                513,
                534,
                556,
                578,
                600,
                622,
                644,
                666,
                688,
                710,
                732,
                754,
                776,
                798,
                820,
                842,
                864,
            ],
        ),
        ("catalog_number_suffix", "LED"),
        ("paper_size", "ledger"),
        ("price", "$89 / \\euro 89"),
    ]
)
