dict(
    {
        "bol_measure_numbers": [
            1,
            9,
            18,
            23,
            29,
            41,
            49,
            60,
            64,
            73,
            81,
            89,
            97,
            105,
            113,
            121,
            130,
            139,
            145,
            153,
            161,
            169,
            177,
            185,
            193,
            200,
            207,
            217,
            225,
            233,
            241,
            249,
            257,
            265,
            273,
            281,
            289,
            296,
            306,
            313,
            321,
            329,
            337,
            345,
            352,
            361,
            369,
            377,
            385,
            393,
            401,
            410,
            418,
            425,
            433,
            442,
            447,
            457,
            465,
            473,
            481,
            489,
            497,
            505,
            513,
            521,
            529,
            535,
            545,
            553,
            561,
            569,
            577,
            585,
            593,
            601,
            610,
            617,
            625,
            633,
            641,
            649,
            657,
            667,
            673,
            680,
            688,
            697,
            705,
            713,
            721,
            729,
            737,
            745,
            753,
            761,
            769,
            777,
            785,
            793,
            801,
            809,
            817,
            825,
            835,
            840,
            849,
            856,
        ],
        "catalog_number_suffix": "A",
        "paper_size": "arch a",
        "price": "$89 / \\euro 89",
    }
)
